26 -0.0475738994912455 0
32 0.959637907517993 0
71 1.4706168957874 1
79 0.63084916451928 1
16 -1.37340607086466 0
50 1.15385361348239 0
76 -0.947429079546236 1
54 3.03732767159005 1
60 2.46623868870859 1
67 0.630961321735168 1
29 0.0202291874429364 0
1 0.668738451167637 0
59 1.55015325359624 1
10 -1.92058870770134 0
25 1.05211857041098 0
100 2.27312494492637 1
56 0.616480634902454 1
22 -0.518216456531396 0
92 1.17192990887186 1
33 0.543120211855855 0
72 2.70962965544293 1
55 2.14706280854768 1
91 2.89860798538003 1
98 1.27294015092421 1
24 -0.714251555526803 0
37 -1.85981841331102 0
46 0.949201500600309 0
85 0.42983163397576 1
40 1.83318860835569 0
21 -1.69650629220273 0
42 0.839601320894251 0
9 0.64921494349949 0
88 1.04207373908044 1
52 1.5111434884085 1
11 0.929484694799477 0
73 4.36836935771387 1
41 -0.766848433769303 0
58 2.15552346771227 1
89 1.09816642402527 1
6 1.84967357944586 0
8 0.379352050880528 0
74 -0.830773515838221 1
27 1.58779636835584 0
5 -0.0141052385772996 0
83 1.97744247960591 1
4 0.130071191607193 0
97 1.75962127881566 1
82 2.04407178548115 1
84 1.42636279133152 1
94 1.18370633764242 1
86 3.65406120747153 1
31 -0.506466604681179 0
95 1.84483985390901 1
99 1.51607243049234 1
45 0.310595434968548 0
57 -0.421297278072212 1
68 2.2735846997846 1
66 1.35099628918616 1
30 -0.846229347075527 0
28 1.06568086714973 0
61 1.71913757441027 1
38 2.14614133707918 0
47 1.21716845945658 0
20 -0.0877947235680831 0
13 -1.91862735476671 0
96 2.04928394076971 1
70 0.223548485749186 1
23 0.54484546221276 0
87 1.69252511885602 1
43 0.03336550886174 0
12 0.690330485637457 0
18 0.131038502049499 0
39 -0.566453830880464 0
62 2.41237311873812 1
75 1.0826845104966 1
80 2.89000691335353 1
35 -0.81287174478143 0
48 -0.710652047419303 0
17 0.972344931513125 0
69 2.38902881893133 1
90 1.52495761181788 1
2 0.913245469117647 0
15 -1.94929627403098 0
3 -0.623572621639585 0
14 1.85195195726586 0
78 4.42769959474012 1
36 -1.40776548068568 0
77 2.19937318938251 1
44 -0.00664535881122989 0
63 0.338925292869329 1
81 1.25851610148791 1
93 -0.199053761268021 1
19 0.312030255989631 0
65 0.874088401702112 1
53 0.960645099329995 1
64 2.45750504859203 1
49 0.748491891857085 0
34 1.29754821281843 0
7 -0.00964341600464998 0
51 2.67379310056329 1
